clc;
clear all;
close all;
A=[2 3; 4 5];
B=[3 4; 6 7];
A+B

ans =

     5     7
    10    12

A*B

ans =

    24    29
    42    51

A.*B

ans =

     6    12
    24    35

A/B

ans =

    1.3333   -0.3333
    0.6667    0.3333

A\B

ans =

    1.5000    0.5000
         0    1.0000

A.^2

ans =

     4     9
    16    25

A./B

ans =

    0.6667    0.7500
    0.6667    0.7143

